00000000000000F0000000000000000000000000
00000000F0F0F0F0000000000000000000000000
00000000F0F0F0B2000000000000000000000000
0000000000B1B2B1T1T1E0000000000000000000
00000000P0B1B1F0W0W0W0000000000000000000
00000000F0F0F000000000000000000000000000
0000000000000000000000000000000000000000
0000000000000000000000000000000000000000
0000000000000000000000000000000000000000
0000000000000000000000000000000000000000
0000000000000000000000000000000000000000
0000000000000000000000000000000000000000
0000000000000000000000000000000000000000
0000000000000000000000000000000000000000
0000000000000000000000000000000000000000
0000000000000000000000000000000000000000
0000000000000000000000000000000000000000
0000000000000000000000000000000000000000
0000000000000000000000000000000000000000
0000000000000000000000000000000000000000
