0000000000000000000000000000000000000000
00000000000000F0F0F000000000000000000000
00000000F000F0F0P0B300000000000000000000
00000000F0F0B1F0F0T1T1E00000000000000000
000000F0F0B1F0B2F00000000000000000000000
00000000F0F000F0F0F000000000000000000000
0000000000000000000000000000000000000000
0000000000000000000000000000000000000000
0000000000000000000000000000000000000000
0000000000000000000000000000000000000000
0000000000000000000000000000000000000000
0000000000000000000000000000000000000000
0000000000000000000000000000000000000000
0000000000000000000000000000000000000000
0000000000000000000000000000000000000000
0000000000000000000000000000000000000000
0000000000000000000000000000000000000000
0000000000000000000000000000000000000000
0000000000000000000000000000000000000000
0000000000000000000000000000000000000000
