0000000000000000000000000000000000000000
0000000000000000000000000000000000000000
00000000F0F0F000000000000000000000000000
000000F0F0F0F0F000F0T4F00000000000000000
000000F0F0T0F0F000F0F0F00000000000000000
000000F0B1F0P0F000F0F0T1F0E0000000000000
00000000F0F0F000000000000000000000000000
0000000000000000000000000000000000000000
0000000000000000000000000000000000000000
0000000000000000000000000000000000000000
0000000000000000000000000000000000000000
0000000000000000000000000000000000000000
0000000000000000000000000000000000000000
0000000000000000000000000000000000000000
0000000000000000000000000000000000000000
0000000000000000000000000000000000000000
0000000000000000000000000000000000000000
0000000000000000000000000000000000000000
0000000000000000000000000000000000000000
0000000000000000000000000000000000000000
