0000000000000000000000000000000000000000
0000000000000000000000000000000000000000
00000000E000F0F0F0F0F0F00000000000000000
00000000T1E1F0T3F0E1F0F00000000000000000
000000000000F0F0T4F0F0F00000000000000000
000000000000F0F0F0F0F0F00000000000000000
000000000000000000B200000000000000000000
000000000000F0P0F0F000000000000000000000
0000000000000000000000000000000000000000
0000000000000000000000000000000000000000
0000000000000000000000000000000000000000
0000000000000000000000000000000000000000
0000000000000000000000000000000000000000
0000000000000000000000000000000000000000
0000000000000000000000000000000000000000
0000000000000000000000000000000000000000
0000000000000000000000000000000000000000
0000000000000000000000000000000000000000
0000000000000000000000000000000000000000
0000000000000000000000000000000000000000
