0000000000000000000000000000000000000000
0000000000000000000000000000000000000000
000000000000P0P0P0P0P0P0P000000000000000
000000000000P0P0P0P0P0P0P000000000000000
000000000000P0P0P0P0P0P0P000000000000000
000000000000P0P0P0P0P0P0P000000000000000
0000000000000000000000000000000000000000
0000000000000000000000000000000000000000
0000000000000000000000000000000000000000
0000000000000000000000000000000000000000
0000000000000000000000000000000000000000
0000000000000000000000000000000000000000
0000000000000000000000000000000000000000
0000000000000000000000000000000000000000
0000000000000000000000000000000000000000
0000000000000000000000000000000000000000
0000000000000000000000000000000000000000
0000000000000000000000000000000000000000
0000000000000000000000000000000000000000
0000000000000000000000000000000000000000
