0000000000000000000000000000000000000000
000000000000000000P0F0B1B1T1T1E000000000
000000000000000000P0F0B1B1T1T1E000000000
000000000000000000P0F0B1B1T1T1E000000000
000000000000000000P0F0B1B1T1T1E000000000
000000000000000000P0F0B1B1T1T1E000000000
0000000000000000000000000000000000000000
0000000000000000000000000000000000000000
0000000000000000000000000000000000000000
0000000000000000000000000000000000000000
0000000000000000000000000000000000000000
0000000000000000000000000000000000000000
0000000000000000000000000000000000000000
0000000000000000000000000000000000000000
0000000000000000000000000000000000000000
0000000000000000000000000000000000000000
0000000000000000000000000000000000000000
0000000000000000000000000000000000000000
0000000000000000000000000000000000000000
0000000000000000000000000000000000000000
